A. Gas at rest, pocket ending at 1e-6 of its starting size
mu     k    xmin   load  | escaped stalled inside  | E50      E90      | to esc. to all  | stall at | its resid overshoot shells cells/decade
1e+04  0.1  1e-06  0     | 0.896   0.000   0.104   | 0.0166   0.0653   | 0.000   0.000   | 0        |  0 0.0e+00 0.0e+00  20251   60
1e+04  0.1  1e-06  3     | 0.896   0.000   0.104   | 0.0166   0.0653   | 0.113   0.172   | 0        |  8 1.1e-03 0.0e+00  20377   60
1e+04  0.1  1e-06  10    | 0.896   0.000   0.104   | 0.0165   0.0653   | 0.364   0.574   | 0        |  9 1.5e-03 0.0e+00  20749   60
1e+04  0.1  1e-06  20    | 0.721   0.279   0.000   | 0.0235   0.0690   | 0.584   1.000   | 7.9e-05  | 12 6.6e-04 1.9e-04  21526   60
1e+04  0.1  1e-06  40    | 0.523   0.477   0.000   | 0.0324   0.0713   | 0.763   1.000   | 0.00088  | 12 1.7e-03 -1.2e-04  22162   60
1e+04  0.1  1e-06  80    | 0.226   0.774   0.000   | 0.0443   0.0618   | 0.819   0.999   | 0.0052   | 14 1.5e-03 -5.5e-04  24016   60

1e+04  1    1e-06  0     | 0.915   0.000   0.085   | 0.0100   0.0442   | 0.000   0.000   | 0        |  0 0.0e+00 0.0e+00  20251   60
1e+04  1    1e-06  3     | 0.915   0.000   0.085   | 0.0100   0.0442   | 0.087   0.143   | 0        |  8 9.8e-04 0.0e+00  20359   60
1e+04  1    1e-06  10    | 0.915   0.000   0.085   | 0.0100   0.0442   | 0.296   0.504   | 0        |  9 1.3e-03 0.0e+00  20743   60
1e+04  1    1e-06  20    | 0.915   0.000   0.085   | 0.0100   0.0442   | 0.523   0.936   | 0        |  9 8.8e-04 0.0e+00  21352   60
1e+04  1    1e-06  40    | 0.492   0.508   0.000   | 0.0211   0.0493   | 0.491   1.000   | 0.0011   | 14 1.2e-03 -3.8e-05  22102   60
1e+04  1    1e-06  80    | 0.205   0.795   0.000   | 0.0308   0.0436   | 0.520   1.000   | 0.0037   | 13 1.1e-03 -2.5e-05  23869   60

1e+04  10   1e-06  0     | 0.927   0.000   0.073   | 0.0011   0.0101   | 0.000   0.000   | 0        |  0 0.0e+00 0.0e+00  20251   60
1e+04  10   1e-06  3     | 0.927   0.000   0.073   | 0.0011   0.0101   | 0.049   0.100   | 0        |  7 1.4e-03 0.0e+00  20404   60
1e+04  10   1e-06  10    | 0.927   0.000   0.073   | 0.0011   0.0101   | 0.171   0.363   | 0        |  9 1.1e-03 0.0e+00  20761   60
1e+04  10   1e-06  20    | 0.927   0.000   0.073   | 0.0011   0.0101   | 0.313   0.699   | 0        |  9 1.8e-03 0.0e+00  21265   60
1e+04  10   1e-06  40    | 0.121   0.879   0.000   | 0.0099   0.0154   | 0.249   1.000   | 0.00079  | 10 1.8e-03 1.0e-04  22387   60
1e+04  10   1e-06  80    | 0.003   0.997   0.000   | 0.0116   0.0117   | 0.005   1.000   | 0.00096  | 15 1.2e-03 -3.9e-04  23974   60

1e+06  0.1  1e-06  0     | 0.596   0.000   0.404   | 0.0078   0.0286   | 0.000   0.000   | 0        |  0 0.0e+00 0.0e+00  20251   60
1e+06  0.1  1e-06  3     | 0.594   0.000   0.406   | 0.0077   0.0284   | 0.028   0.066   | 0        |  6 2.0e-03 0.0e+00  20266   60
1e+06  0.1  1e-06  10    | 0.588   0.000   0.412   | 0.0076   0.0278   | 0.090   0.213   | 0        |  8 1.5e-03 0.0e+00  20287   60
1e+06  0.1  1e-06  20    | 0.581   0.000   0.419   | 0.0074   0.0271   | 0.172   0.418   | 0        |  8 1.9e-03 0.0e+00  20365   60
1e+06  0.1  1e-06  40    | 0.560   0.000   0.440   | 0.0070   0.0251   | 0.299   0.791   | 0        |  9 2.0e-03 0.0e+00  20497   60
1e+06  0.1  1e-06  80    | 0.138   0.862   0.000   | 0.0080   0.0207   | 0.112   1.000   | 0.00044  | 31 1.7e-03 -1.2e-04  20593   60

1e+06  1    1e-06  0     | 0.914   0.000   0.086   | 0.0100   0.0524   | 0.000   0.000   | 0        |  0 0.0e+00 0.0e+00  20251   60
1e+06  1    1e-06  3     | 0.914   0.000   0.086   | 0.0100   0.0527   | 0.050   0.053   | 0        |  6 1.7e-03 0.0e+00  20269   60
1e+06  1    1e-06  10    | 0.914   0.000   0.086   | 0.0100   0.0539   | 0.167   0.175   | 0        |  8 1.3e-03 0.0e+00  20284   60
1e+06  1    1e-06  20    | 0.914   0.000   0.086   | 0.0100   0.0560   | 0.336   0.352   | 0        |  9 1.4e-03 0.0e+00  20317   60
1e+06  1    1e-06  40    | 0.914   0.000   0.086   | 0.0100   0.0607   | 0.694   0.719   | 0        | 13 1.3e-03 0.0e+00  20359   60
1e+06  1    1e-06  80    | 0.213   0.787   0.000   | 0.0305   0.0461   | 0.594   1.000   | 0.00082  | 23 1.5e-03 2.1e-04  20455   60

1e+06  10   1e-06  0     | 0.927   0.000   0.073   | 0.0011   0.0101   | 0.000   0.000   | 0        |  0 0.0e+00 0.0e+00  20251   60
1e+06  10   1e-06  3     | 0.927   0.000   0.073   | 0.0011   0.0101   | 0.012   0.013   | 0        |  4 1.7e-03 0.0e+00  20278   60
1e+06  10   1e-06  10    | 0.927   0.000   0.073   | 0.0011   0.0101   | 0.040   0.049   | 0        |  6 1.5e-03 0.0e+00  20293   60
1e+06  10   1e-06  20    | 0.927   0.000   0.073   | 0.0011   0.0101   | 0.078   0.097   | 0        |  7 1.5e-03 0.0e+00  20320   60
1e+06  10   1e-06  40    | 0.927   0.000   0.073   | 0.0011   0.0101   | 0.153   0.195   | 0        |  9 1.0e-03 0.0e+00  20359   60
1e+06  10   1e-06  80    | 0.927   0.000   0.073   | 0.0011   0.0101   | 0.303   0.389   | 0        |  9 1.5e-03 0.0e+00  20464   60

B. The same for a pocket ending at 1e-12 of its starting size (mu = 1e4, k = 1)
mu     k    xmin   load  | escaped stalled inside  | E50      E90      | to esc. to all  | stall at | its resid overshoot shells cells/decade
1e+04  1    1e-12  0     | 0.997   0.000   0.003   | 0.0087   0.0434   | 0.000   0.000   | 0        |  0 0.0e+00 0.0e+00  20301   60
1e+04  1    1e-12  3     | 0.997   0.000   0.003   | 0.0087   0.0434   | 0.090   0.143   | 0        |  8 9.8e-04 0.0e+00  20481   60
1e+04  1    1e-12  10    | 0.997   0.000   0.003   | 0.0087   0.0434   | 0.307   0.504   | 0        |  9 1.2e-03 0.0e+00  20859   60
1e+04  1    1e-12  20    | 0.997   0.000   0.003   | 0.0087   0.0434   | 0.546   0.938   | 0        |  9 8.8e-04 0.0e+00  21468   60
1e+04  1    1e-12  40    | 0.492   0.508   0.000   | 0.0211   0.0493   | 0.491   1.000   | 0.0011   | 14 1.2e-03 -1.3e-04  22152   60
1e+04  1    1e-12  80    | 0.205   0.795   0.000   | 0.0308   0.0436   | 0.520   1.000   | 0.0037   | 13 1.1e-03 -1.7e-04  23940   60

C. Sampling: mu = 1e4, k = 1, x_min = 1e-6, standard run against a finer one
mu     k    xmin   load  | escaped stalled inside  | E50      E90      | to esc. to all  | stall at | its resid overshoot shells cells/decade
1e+04  1    1e-06  10    | 0.915   0.000   0.085   | 0.0100   0.0442   | 0.296   0.504   | 0        |  9 1.3e-03 0.0e+00  20743   60
1e+04  1    1e-06  10    | 0.915   0.000   0.085   | 0.0100   0.0442   | 0.324   0.574   | 0        |  9 8.5e-04 0.0e+00  43042  240
1e+04  1    1e-06  20    | 0.915   0.000   0.085   | 0.0100   0.0442   | 0.523   0.936   | 0        |  9 8.8e-04 0.0e+00  21352   60
1e+04  1    1e-06  20    | 0.787   0.213   0.000   | 0.0129   0.0465   | 0.516   1.001   | 4.5e-05  |  9 9.5e-04 9.4e-04  46162  240
1e+04  1    1e-06  40    | 0.492   0.508   0.000   | 0.0211   0.0493   | 0.491   1.000   | 0.0011   | 14 1.2e-03 -3.8e-05  22102   60
1e+04  1    1e-06  40    | 0.500   0.500   0.000   | 0.0208   0.0493   | 0.494   1.000   | 0.0011   | 13 1.3e-03 -9.5e-05  50890  240
1e+04  1    1e-06  80    | 0.205   0.795   0.000   | 0.0308   0.0436   | 0.520   1.000   | 0.0037   | 13 1.1e-03 -2.5e-05  23869   60
1e+04  1    1e-06  80    | 0.210   0.790   0.000   | 0.0306   0.0438   | 0.532   1.000   | 0.0036   | 12 1.9e-03 -1.0e-04  58579  240
largest change on refining: escaped share 0.128, median energy 22.4 per cent, escapees' share of the pocket's energy 0.028

50 collapses solved; largest mismatch between a wall and its own drain 2.0e-03 of the pocket's energy; largest overshoot 9.4e-04; shells cut short 0
