mu     k     xmin    | esc    trap   other  swept1 caught | E10%      E50%      E90%      Emean    Emax     above2 
1e+02  0.1   1e-06   | 0.914  0.086  0.000  0.003  0.306  | 0.0106    0.0245    0.0778    4.87     3.52e+03 0.0292 
1e+02  0.1   1e-12   | 1.000  0.000  0.000  0.001  0.379  | 0.0107    0.0267    0.149     0.636    187      0.0433 
1e+02  0.1   1e-20   | 1.000  0.000  0.000  0.000  0.371  | 0.0107    0.031     0.213     0.7      247      0.0553 
1e+02  1     1e-06   | 0.936  0.064  0.000  0.003  0.231  | 0.0103    0.0206    0.0614    0.298    104      0.0221 
1e+02  1     1e-12   | 0.999  0.001  0.000  0.003  0.262  | 0.0104    0.0206    0.133     1.12     988      0.0420 
1e+02  1     1e-20   | 1.000  0.000  0.000  0.001  0.262  | 0.0105    0.0213    0.0934    0.577    405      0.0280 
1e+02  10    1e-06   | 0.957  0.043  0.000  0.029  0.075  | 0.0105    0.0261    0.449     0.383    276      0.0049 
1e+02  10    1e-12   | 1.000  0.000  0.000  0.034  0.121  | 0.0105    0.0257    0.536     0.671    396      0.0180 
1e+02  10    1e-20   | 1.000  0.000  0.000  0.041  0.106  | 0.0104    0.026     0.567     0.652    481      0.0167 
1e+04  0.1   1e-06   | 0.890  0.110  0.000  0.000  0.312  | 0.00114   0.0156    0.0615    0.0241   0.0874   0.0000 
1e+04  0.1   1e-12   | 0.997  0.003  0.000  0.000  0.344  | 0.000422  0.0152    0.0654    0.0321   3.04     0.0027 
1e+04  0.1   1e-20   | 1.000  0.000  0.000  0.000  0.380  | 0.000471  0.0138    0.0653    0.0577   24.6     0.0040 
1e+04  1     1e-06   | 0.923  0.077  0.000  0.000  0.200  | 0.000891  0.0105    0.0454    0.0327   18.3     0.0014 
1e+04  1     1e-12   | 0.999  0.001  0.000  0.000  0.268  | 0.000381  0.00919   0.0437    0.0225   9.74     0.0007 
1e+04  1     1e-20   | 1.000  0.000  0.000  0.000  0.272  | 0.000427  0.00857   0.0435    0.0215   3.96     0.0013 
1e+04  10    1e-06   | 0.928  0.072  0.000  0.000  0.076  | 0.00013   0.00112   0.0104    0.0673   79       0.0014 
1e+04  10    1e-12   | 0.999  0.001  0.000  0.000  0.113  | 0.000126  0.00109   0.00958   0.00407  0.897    0.0000 
1e+04  10    1e-20   | 1.000  0.000  0.000  0.000  0.121  | 0.00013   0.00106   0.0106    0.0213   10.6     0.0027 
1e+06  0.1   1e-06   | 0.599  0.401  0.000  0.000  0.474  | 0.000858  0.00745   0.0281    0.0175   3        0.0011 
1e+06  0.1   1e-12   | 0.703  0.297  0.000  0.000  0.522  | 8.72e-05  0.00548   0.0262    0.0123   0.144    0.0000 
1e+06  0.1   1e-20   | 1.000  0.000  0.000  0.000  0.374  | 0.00023   0.0125    0.0454    0.0201   1.26     0.0000 
1e+06  1     1e-06   | 0.917  0.083  0.000  0.000  0.216  | 0.000928  0.00992   0.0536    0.0206   3.84     0.0007 
1e+06  1     1e-12   | 0.995  0.005  0.000  0.000  0.266  | 0.000214  0.00803   0.05      0.0158   0.0647   0.0000 
1e+06  1     1e-20   | 1.000  0.000  0.000  0.000  0.275  | 0.000299  0.00832   0.0501    0.0338   26.6     0.0007 
1e+06  10    1e-06   | 0.920  0.080  0.000  0.000  0.070  | 7.4e-05   0.00112   0.00979   0.00334  0.0253   0.0000 
1e+06  10    1e-12   | 0.998  0.002  0.000  0.000  0.115  | 4.14e-05  0.000809  0.00829   0.00288  0.025    0.0000 
1e+06  10    1e-20   | 1.000  0.000  0.000  0.000  0.130  | 4.65e-05  0.000944  0.0101    0.00315  0.025    0.0000 
1e+09  0.1   1e-06   | 0.245  0.755  0.000  0.000  0.755  | 0.000252  0.00187   0.00844   0.0039   0.0385   0.0000 
1e+09  0.1   1e-12   | 0.363  0.637  0.000  0.000  0.802  | 2.22e-05  0.00102   0.00722   0.00269  0.0879   0.0000 
1e+09  0.1   1e-20   | 0.997  0.003  0.000  0.000  0.342  | 1.59e-08  8.29e-06  0.00418   0.00152  0.0875   0.0000 
1e+09  1     1e-06   | 0.303  0.697  0.000  0.000  0.551  | 0.00032   0.00171   0.0101    0.00446  0.0994   0.0000 
1e+09  1     1e-12   | 0.397  0.603  0.000  0.000  0.615  | 1.65e-05  0.00112   0.00817   0.00306  0.0681   0.0000 
1e+09  1     1e-20   | 0.998  0.002  0.000  0.000  0.279  | 3.22e-07  5.25e-05  0.00479   0.00216  0.0992   0.0000 
1e+09  10    1e-06   | 0.807  0.193  0.000  0.000  0.089  | 6.23e-05  0.000804  0.00472   0.00199  0.0345   0.0000 
1e+09  10    1e-12   | 0.888  0.112  0.000  0.000  0.116  | 2.66e-05  0.000697  0.00481   0.00199  0.0365   0.0000 
1e+09  10    1e-20   | 1.000  0.000  0.000  0.000  0.118  | 3.41e-05  0.000794  0.0121    0.00377  0.0745   0.0000 

Energies are E_out / (m_out^2 / m_in) for escaped particles. above2 = share above the head-on
ceiling (2 m_out^2 - m_in^2)/m_in; caught = share of escapers caught from behind at least once.
