mu     k     xmin    | esc    trap   other  swept1 caught | E10%      E50%      E90%      Emean    Emax     above2 
1e+02  0.1   1e-06   | 0.927  0.073  0.000  0.007  0.324  | 0.0106    0.0244    0.0814    0.198    13.4     0.0360 
1e+02  0.1   1e-12   | 0.997  0.003  0.000  0.003  0.388  | 0.0104    0.0291    0.351     0.415    22.1     0.0669 
1e+02  0.1   1e-20   | 1.000  0.000  0.000  0.000  0.343  | 0.0107    0.0256    0.262     12.3     2.78e+03 0.0633 
1e+02  1     1e-06   | 0.923  0.077  0.000  0.003  0.188  | 0.0105    0.0187    0.0632    0.272    33.6     0.0144 
1e+02  1     1e-12   | 1.000  0.000  0.000  0.000  0.250  | 0.0107    0.0262    0.167     1.62     281      0.0400 
1e+02  1     1e-20   | 1.000  0.000  0.000  0.003  0.277  | 0.0105    0.0212    0.204     0.511    30.4     0.0500 
1e+02  10    1e-06   | 0.960  0.040  0.000  0.033  0.052  | 0.0104    0.0251    0.378     0.149    9.73     0.0035 
1e+02  10    1e-12   | 1.000  0.000  0.000  0.040  0.093  | 0.0104    0.0308    0.56      0.381    39.3     0.0167 
1e+02  10    1e-20   | 1.000  0.000  0.000  0.037  0.123  | 0.0104    0.0296    0.417     1.43     353      0.0167 
1e+04  0.1   1e-06   | 0.880  0.120  0.000  0.000  0.288  | 0.00126   0.0149    0.0597    0.0225   0.0871   0.0000 
1e+04  0.1   1e-12   | 0.997  0.003  0.000  0.000  0.365  | 0.000291  0.0147    0.067     0.0248   0.389    0.0000 
1e+04  0.1   1e-20   | 1.000  0.000  0.000  0.000  0.393  | 0.000342  0.014     0.0655    0.0807   14       0.0067 
1e+04  1     1e-06   | 0.927  0.073  0.000  0.000  0.180  | 0.000883  0.0109    0.0448    0.123    29.5     0.0036 
1e+04  1     1e-12   | 0.997  0.003  0.000  0.000  0.291  | 0.000407  0.0108    0.0455    0.0173   0.139    0.0000 
1e+04  1     1e-20   | 1.000  0.000  0.000  0.000  0.260  | 0.000435  0.00785   0.0379    0.0144   0.0639   0.0000 
1e+04  10    1e-06   | 0.937  0.063  0.000  0.000  0.060  | 0.000126  0.00111   0.00917   0.00334  0.0252   0.0000 
1e+04  10    1e-12   | 1.000  0.000  0.000  0.000  0.140  | 0.000137  0.00102   0.00852   0.0409   10.3     0.0033 
1e+04  10    1e-20   | 1.000  0.000  0.000  0.000  0.117  | 0.000124  0.00145   0.0105    0.00362  0.0583   0.0000 
1e+06  0.1   1e-06   | 0.603  0.397  0.000  0.000  0.519  | 0.000513  0.0073    0.0266    0.0137   0.118    0.0000 
1e+06  0.1   1e-12   | 0.700  0.300  0.000  0.000  0.519  | 0.000142  0.00618   0.0267    0.0122   0.107    0.0000 
1e+06  0.1   1e-20   | 1.000  0.000  0.000  0.000  0.340  | 0.000287  0.0126    0.0372    0.019    0.306    0.0000 
1e+06  1     1e-06   | 0.933  0.067  0.000  0.000  0.207  | 0.000605  0.0116    0.052     0.0173   0.0641   0.0000 
1e+06  1     1e-12   | 0.997  0.003  0.000  0.000  0.264  | 0.000247  0.00874   0.045     0.0148   0.0649   0.0000 
1e+06  1     1e-20   | 1.000  0.000  0.000  0.000  0.233  | 0.000226  0.00949   0.0546    0.018    0.0651   0.0000 
1e+06  10    1e-06   | 0.917  0.083  0.000  0.000  0.069  | 8.46e-05  0.00108   0.011     0.00341  0.0253   0.0000 
1e+06  10    1e-12   | 1.000  0.000  0.000  0.000  0.117  | 5.19e-05  0.000995  0.00947   0.00313  0.025    0.0000 
1e+06  10    1e-20   | 1.000  0.000  0.000  0.000  0.100  | 4.43e-05  0.00094   0.00876   0.00322  0.0252   0.0000 
1e+09  0.1   1e-06   | 0.273  0.727  0.000  0.000  0.793  | 0.00022   0.00154   0.008     0.003    0.0168   0.0000 
1e+09  0.1   1e-12   | 0.350  0.650  0.000  0.000  0.819  | 2.31e-05  0.00143   0.00698   0.00287  0.0341   0.0000 
1e+09  0.1   1e-20   | 0.993  0.007  0.000  0.000  0.379  | 1.73e-08  7.9e-06   0.00332   0.00124  0.028    0.0000 
1e+09  1     1e-06   | 0.330  0.670  0.000  0.000  0.606  | 0.000273  0.00184   0.0123    0.00469  0.0685   0.0000 
1e+09  1     1e-12   | 0.367  0.633  0.000  0.000  0.645  | 8.59e-06  0.00137   0.00897   0.00379  0.0763   0.0000 
1e+09  1     1e-20   | 1.000  0.000  0.000  0.000  0.250  | 2.95e-07  5.93e-05  0.00488   0.00278  0.0588   0.0000 
1e+09  10    1e-06   | 0.817  0.183  0.000  0.000  0.094  | 5.73e-05  0.000673  0.00565   0.0021   0.0296   0.0000 
1e+09  10    1e-12   | 0.900  0.100  0.000  0.000  0.156  | 3.38e-05  0.000608  0.00517   0.00189  0.0257   0.0000 
1e+09  10    1e-20   | 1.000  0.000  0.000  0.000  0.097  | 5.02e-05  0.00123   0.013     0.00457  0.0714   0.0000 

Energies are E_out / (m_out^2 / m_in) for escaped particles. above2 = share above the head-on
ceiling (2 m_out^2 - m_in^2)/m_in; caught = share of escapers caught from behind at least once.
