mu     k     xmin    | esc    trap   | E10%      E50%      E90%     
1e+06  0.1   1e-12   | 0.696  0.304  | 6.84e-05  0.00532   0.0253   
1e+06  0.1   1e-15   | 0.998  0.002  | 0.000211  0.0112    0.0416   
1e+06  1     1e-12   | 0.999  0.001  | 0.000268  0.00799   0.0509   
1e+06  1     1e-15   | 0.997  0.003  | 0.000256  0.00873   0.0503   
1e+06  10    1e-12   | 0.997  0.003  | 5.11e-05  0.000999  0.00909  
1e+06  10    1e-15   | 1.000  0.000  | 5.43e-05  0.000964  0.00959  
1e+08  0.1   1e-12   | 0.454  0.546  | 2.31e-05  0.00234   0.0159   
1e+08  0.1   1e-15   | 0.928  0.072  | 1.35e-06  7.75e-05  0.00793  
1e+08  1     1e-12   | 0.525  0.475  | 3.89e-05  0.00189   0.00883  
1e+08  1     1e-15   | 0.869  0.131  | 2.66e-05  0.000423  0.00645  
1e+08  10    1e-12   | 0.997  0.003  | 3.97e-05  0.000846  0.0082   
1e+08  10    1e-15   | 0.999  0.001  | 4.27e-05  0.00102   0.0103   
1e+09  0.1   1e-12   | 0.359  0.641  | 2.44e-05  0.00118   0.00819  
1e+09  0.1   1e-15   | 0.820  0.180  | 1.41e-08  9.93e-07  0.00471  
1e+09  1     1e-12   | 0.366  0.634  | 3.71e-05  0.00124   0.00865  
1e+09  1     1e-15   | 0.741  0.259  | 2.86e-07  1.02e-05  0.00401  
1e+09  10    1e-12   | 0.873  0.127  | 3.55e-05  0.000691  0.00504  
1e+09  10    1e-15   | 0.886  0.114  | 4.02e-05  0.000737  0.00518  
1e+10  0.1   1e-12   | 0.276  0.724  | 6.81e-06  0.00073   0.00538  
1e+10  0.1   1e-15   | 0.742  0.258  | 1.57e-10  4.1e-09   0.00227  
1e+10  1     1e-12   | 0.312  0.688  | 1.02e-05  0.000638  0.00493  
1e+10  1     1e-15   | 0.654  0.346  | 2.8e-09   4.31e-08  0.00193  
1e+10  10    1e-12   | 0.728  0.272  | 2.14e-05  0.000469  0.00245  
1e+10  10    1e-15   | 0.720  0.280  | 2.18e-05  0.000369  0.00229  
1e+11  0.1   1e-12   | 0.230  0.770  | 2.91e-06  0.000326  0.00328  
1e+11  0.1   1e-15   | 0.681  0.319  | 1.1e-11   2.85e-11  0.00113  
1e+11  1     1e-12   | 0.210  0.790  | 4.34e-06  0.000311  0.00219  
1e+11  1     1e-15   | 0.582  0.418  | 3.01e-11  4.06e-10  0.00135  
1e+11  10    1e-12   | 0.548  0.452  | 2.24e-05  0.000272  0.00118  
1e+11  10    1e-15   | 0.569  0.431  | 1.52e-05  0.00023   0.00133  
1e+12  0.1   1e-12   | 0.195  0.805  | 2.12e-06  0.000213  0.00175  
1e+12  0.1   1e-15   | 0.637  0.363  | 1.47e-12  1.45e-11  0.000487 
1e+12  1     1e-12   | 0.183  0.817  | 9.17e-06  0.000228  0.00197  
1e+12  1     1e-15   | 0.558  0.442  | 1.02e-12  2.25e-12  0.000539 
1e+12  10    1e-12   | 0.447  0.553  | 9.11e-06  0.00014   0.000602 
1e+12  10    1e-15   | 0.430  0.570  | 8.29e-06  0.000152  0.000684 

x_min = 1/(L R0) for a pocket of mass M and vacuum scale L (R0 from M = (4 pi/3) L^4 R0^3)
   M = 1e+15 g, L = 0.001 GeV: x_min = 2.0e-14
   M = 1e+15 g, L = 1 GeV: x_min = 2.0e-13
   M = 1e+15 g, L = 1000 GeV: x_min = 2.0e-12
   M = 1e+20 g, L = 0.001 GeV: x_min = 4.2e-16
   M = 1e+20 g, L = 1 GeV: x_min = 4.2e-15
   M = 1e+20 g, L = 1000 GeV: x_min = 4.2e-14
