gas      E_typ   mout/E  k    | esc    trap   caught | E10%      E50%      E90%      Emax     
thermal  10      1e+02   0.1  | 0.999  0.000  0.925  | 0.0397    0.202     1.09      17.4     
thermal  10      1e+02   1    | 1.000  0.000  0.940  | 0.0345    0.229     1.41      32.4     
thermal  10      1e+02   10   | 0.964  0.000  0.929  | 0.0439    0.183     1.72      30.9     
thermal  10      1e+04   0.1  | 1.000  0.000  0.962  | 0.0017    0.0239    0.207     5.79     
thermal  10      1e+04   1    | 0.997  0.000  0.954  | 0.00254   0.0265    0.274     10.4     
thermal  10      1e+04   10   | 0.964  0.002  0.966  | 0.000596  0.0186    0.293     8.94     
thermal  1000    1e+02   0.1  | 1.000  0.000  0.913  | 0.0436    0.207     1.25      35.6     
thermal  1000    1e+02   1    | 1.000  0.000  0.941  | 0.0327    0.229     1.33      18.1     
thermal  1000    1e+02   10   | 0.965  0.000  0.911  | 0.0433    0.213     1.63      34       
thermal  1000    1e+04   0.1  | 1.000  0.000  0.954  | 0.00193   0.026     0.205     5.03     
thermal  1000    1e+04   1    | 0.999  0.000  0.956  | 0.00235   0.029     0.235     8.91     
thermal  1000    1e+04   10   | 0.948  0.000  0.973  | 0.000656  0.021     0.317     9.22     
fermi    10      1e+02   0.1  | 1.000  0.000  0.921  | 0.0404    0.19      0.93      15.5     
fermi    10      1e+02   1    | 0.999  0.000  0.940  | 0.033     0.206     1.27      24.6     
fermi    10      1e+02   10   | 0.970  0.000  0.903  | 0.0453    0.191     1.61      25.4     
fermi    10      1e+04   0.1  | 1.000  0.000  0.956  | 0.00173   0.0233    0.191     3.57     
fermi    10      1e+04   1    | 1.000  0.000  0.950  | 0.00213   0.0247    0.208     7.79     
fermi    10      1e+04   10   | 0.963  0.000  0.971  | 0.000673  0.0206    0.296     5.08     
fermi    1000    1e+02   0.1  | 0.999  0.000  0.914  | 0.0433    0.205     0.949     31.4     
fermi    1000    1e+02   1    | 1.000  0.000  0.942  | 0.034     0.198     1.14      16.6     
fermi    1000    1e+02   10   | 0.941  0.000  0.910  | 0.0475    0.202     1.77      83       
fermi    1000    1e+04   0.1  | 0.999  0.000  0.952  | 0.00169   0.0231    0.194     3.76     
fermi    1000    1e+04   1    | 1.000  0.000  0.959  | 0.00222   0.0252    0.203     8.79     
fermi    1000    1e+04   10   | 0.945  0.000  0.974  | 0.000649  0.0219    0.27      4.06     

Energies are E_out / (m_out^2 / E_typ) for escaped particles.
